
[0][0.0,d437631d2c94ece8deb4f4581ee8e3b5,None,None,0,9.0,1.0]
[1][1.0,22b3824382b80b0bb9036cebca5f20af,0,(0, 4, 2),1,9.0,0.5]
[9][2.0,1ed4035329193039f7e26baebf13e633,1,(0, 5, 2),2,8.0,0.33]
[16][3.0,b27218961144e5afbeb36968cfd1bf1b,9,(1, 4, 3),3,7.0,0.25]
[18][4.0,138bfeada744dbb2251fd3e1c5936a75,16,(1, 5, 2),4,6.0,0.2]
[22][5.0,6251f3a368efa7bb21a724aa5a12cd85,18,(0, 1, 1),5,6.0,0.17]
[29][6.0,965e4f9f37ea9494924fe17773b4e197,22,(2, 0, 1),6,6.0,0.14]
[34][7.0,487ad1977cb704b0828584d52e64576e,29,(0, 5, 1),7,5.0,0.12]
[36][8.0,605575bda15ac70afb462f2009d8d37d,34,(1, 0, 1),8,5.0,0.11]
[42][9.0,8036a618cd1bdc80730349161e6b60aa,36,(2, 1, 1),9,5.0,0.1]
[46][10.0,d514dfaee71dd265647e606457cf23b5,42,(0, 2, 1),10,4.0,0.09]
[49][11.0,1c7398a7a50d90c8e17dcb009e15cfce,46,(1, 0, 1),11,4.0,0.08]
[56][12.0,9474bf6349eb5a3e7324b0bd251a2c6e,49,(2, 1, 3),12,4.0,0.08]
[61][13.0,7fe2a9cbbb5063960521cbab0877505b,56,(0, 2, 1),13,3.0,0.07]
[65][14.0,1f1f564333cea13f050aa483d7ce3f60,61,(1, 0, 3),14,3.0,0.07]
[72][15.0,033f5e0628d0a26182f2114768e4bc59,65,(2, 1, 2),15,3.0,0.06]
[77][16.0,8fd01d0f815dd56adbfd14fbf8b7ec1d,72,(0, 2, 3),16,3.0,0.06]
[83][17.0,f0fd79101520f48da839619a42c20ebf,77,(1, 0, 2),17,3.0,0.06]
[90][18.0,c5e104a6251afe95976dbd609b525ee8,83,(2, 1, 3),18,3.0,0.05]
[97][19.0,f8622453f8662e7a41ff8833d38f472c,90,(3, 0, 2),19,2.0,0.05]
[101][20.0,f47fe781fdca3adf552223416da7c9ee,97,(0, 2, 4),20,2.0,0.05]
[107][21.0,cbc9969801bdcdd701be50a9c9dd318d,101,(1, 0, 3),21,2.0,0.05]
[114][22.0,9c3cb415d4b576fb5255716a20333fd7,107,(2, 1, 4),22,2.0,0.04]
[119][23.0,5e2809ad7e82a5c6c21cb865c4fffbfd,114,(0, 2, 3),23,2.0,0.04]
[125][24.0,0643e87752956bc6390b49e159c507f4,119,(1, 0, 4),24,2.0,0.04]
[133][25.0,91c2677c8358e7c7c059554a7d9aa62f,125,(3, 1, 2),25,2.0,0.04]
[137][26.0,cb288d6248c13e13fdab7beea6146a9d,133,(0, 3, 4),26,1.0,0.04]
[141][27.0,3850bea9d0987c2c39fdb61c973e781e,137,(1, 0, 2),27,1.0,0.04]
[149][28.0,10734901532c1deda41af2e62026e223,141,(0, 2, 2),28,0.0,0.03]